001100001100010010010010111111100001100001100001
111100100011100001111110100010100001100001111110
001100010010100001100000100000100001010010001100
111100100010100001100001100001100001100110111000
111111100000100000111110100000100000100000111111
111111100000100000111100100000100000100000100000
001100010010100001100000100000100111010011001101
100001100001100001111111100001100001100001100001
111111001100001100001100001100001100001100111111
011111000100000100000100000100000100100100011100
100010100100101000110000101000100100100010100001
100000100000100000100000100000100000100000111111
010010010010101101101101101101100001100001100001
100001110001101001100101100101100011100011100001
001100010010100001100001100001100001010010001100
111100100010100001100011111100100000100000100000
001100010010100001100001100001100101010010001101
111100100010100001100011111100101000100100100010
011110100001100000110000001110000001100001011110
111111001100001100001100001100001100001100001100
100001100001100001100001100001100001100011011101
100001110011110011010010010010001100001100001100
100001100001100001101101101101101101010010010010
100001010010001100001100001100010010100001100001
100001100001010010001100001100001100001100001100
111111000011000110001100011000010000110000111111
.
101100000010100011111110101010100101100001111111
111111000000100000011110101000101001100000011011
011110100001000010110101001010010101100001011110
111010000100101100001100001100000100001000101111
101100000010000001000001000001100011100110111100
111111000000100000011110101000101001100000011011
011110100001000010110101001010010101100001011110
 
111011001000000100101101001110001100011100001100
100101110001110001011101100000100000100001100001
111111000000100000011110101000101001100000011011
 
111000110010000011000011110100101001100100100010
001100010000100101101001000001000001011010001101
111011001000000100101101001110001100011100001100
001110000100110000010010100111100001000001100001
111011001000000100101101001110001100011100001100
111010000100101100001100001100000100001000101111
100001100001100001110100100001000011100011100101
000100011010110000100010100101100111010011001101
 
111101000010101000111000100010100010100000100000
111010000100101100001100001100000100001000101111
111111000000100000011110101000101001100000011011
10000010000011000011000110001010100000000101111
101100000010000001000001000001100011100110111100
 
001110000100110000010010100111100001000001100001
111100100011100000100010110100110000100100100001
111100100011100000100010110100110000100100100001
001110000100110000010010100111100001000001100001
111000110010000011000011110100101001100100100010
001110000100110000010010100111100001000001100001
111011001000000100101101001110001100011100001100
100001100101100101110001000101110001000011011101
011110100001000010110101001010010101100001011110
 
010000000010111101101111101101101001100000100000
111000110010000011000011110100101001100100100010
.
111011001000000100101101001110001100011100001100
111111000000100000011110101000101001100000011011
011110100001000010110101001010010101100001011110
10000010000011000011000110001010100000000101111
001110000100110000010010100111100001000001100001
 
100101110001110001011101100000100000100001100001
001110000100110000010010100111100001000001100001
101100000010000001000001000001100011100110111100
 
001100010000100101101001000001000001011010001101
111011001000000100101101001110001100011100001100
100101110001110001011101100000100000100001100001
111111000000100000011110101000101001100000011011
111000110010000011000011110100101001100100100010
 
011110100001000010110101001010010101100001011110
100001100101100101110001000101110001000011011101
111000110010000011000011110100101001100100100010
111100100011100000100010110100110000100100100001
111000110010000011000011110100101001100100100010
111010000100101100001100001100000100001000101111
011110100001000010110101001010010101100001011110
111111000000100000011110101000101001100000011011
011110100001000010110101001010010101100001011110
 
111101000010101000111000100010100010100000100000
001100010000100101101001000001000001011010001101
111000110010000011000011110100101001100100100010
 
100101110001110001011101100000100000100001100001
111010000100101100001100001100000100001000101111
011110100001000010110101001010010101100001011110
 
001110000100110000010010100111100001000001100001
100001100101100101110001000101110001000011011101
101100000010000001000001000001100011100110111100
111010000100101100001100001100000100001000101111
111111000000100000011110101000101001100000011011
100001100001100001110100100001000011100011100101
000101011010101001101000100010100101010010001100
111111000000100000011110101000101001100000011011
011110100001000010110101001010010101100001011110


100101100101100101111101001111101101110010010010
100101110001110001011101100000100000100001100001
111010000100101100001100001100000100001000101111
000101011010101001101000100010100101010010001100
100101110001110001011101100000100000100001100001
 
100101100101100101111101001111101101110010010010
111111000000100000011110101000101001100000011011
111000110010000011000011110100101001100100100010
111111000000100000011110101000101001100000011011
 
111111000000100000011110101000101001100000011011
10000011011110001011010000010000100011100001100
111111000000100000011110101000101001100000011011
100001100001100001110100100001000011100011100101
 
010000000010111101101111101101101001100000100000
001100010000100101101001000001000001011010001101
111000110010000011000011110100101001100100100010
111111000000100000011110101000101001100000011011
 
100101100101100101111101001111101101110010010010
001100010000100101101001000001000001011010001101
100001100001100001110100100001000011100011100101
101100000010000001000001000001100011100110111100
111111000000100000011110101000101001100000011011
111000110010000011000011110100101001100100100010
111101000010101000111000100010100010100000100000
100001100101100101110001000101110001000011011101
10000010000011000011000110001010100000000101111
.
011110100001000010110101001010010101100001011110
001100010000100101101001000001000001011010001101
,
111101000010101000111000100010100010100000100000
001100010000100101101001000001000001011010001101
111000110010000011000011110100101001100100100010
 
111010000100101100001100001100000100001000101111
100001100001100001110100100001000011100011100101
011110100001000010110101001010010101100001011110
111011001000000100101101001110001100011100001100
001110000100110000010010100111100001000001100001
100001100001100001110100100001000011100011100101
000101011010101001101000100010100101010010001100
111111000000100000011110101000101001100000011011
,
111011001000000100101101001110001100011100001100
100101110001110001011101100000100000100001100001
111111000000100000011110101000101001100000011011
 
000101011010101001101000100010100101010010001100
001100010000100101101001000001000001011010001101
111010000100101100001100001100000100001000101111
10000010000011000011000110001010100000000101111
 
001100010000100101101001000001000001011010001101
100001100001100001110100100001000011100011100101
 
111011001000000100101101001110001100011100001100
100101110001110001011101100000100000100001100001
111000110010000011000011110100101001100100100010
111111000000100000011110101000101001100000011011
111111000000100000011110101000101001100000011011
010000000010111101101111101101101001100000100000
10000010000011000011000110001010100000000101111
111111000000100000011110101000101001100000011011
000100011010110000100010100101100111010011001101
011110100001000010110101001010010101100001011110
,
10000011011110001011010000010000100011100001100
111010000100101100001100001100000100001000101111
011110100001000010110101001010010101100001011110
111010000100101100001100001100000100001000101111
101100000010100011111110101010100101100001111111
10000010000011000011000110001010100000000101111
111111000000100000011110101000101001100000011011
 
111010000100101100001100001100000100001000101111
100001100001100001110100100001000011100011100101
 
111011001000000100101101001110001100011100001100
100101110001110001011101100000100000100001100001
111111000000100000011110101000101001100000011011
 
111101000010101000111000100010100010100000100000
001100010000100101101001000001000001011010001101
111000110010000011000011110100101001100100100010
111111000000100000011110101000101001100000011011
000100011010110000100010100101100111010011001101
111000110010000011000011110100101001100100100010
001100010000100101101001000001000001011010001101
100001100101100101110001000101110001000011011101
100001100001100001110100100001000011100011100101
101100000010000001000001000001100011100110111100
,
100101100101100101111101001111101101110010010010
001110000100110000010010100111100001000001100001
011110100001000010110101001010010101100001011110
 
100001100101100101110001000101110001000011011101
011110100001000010110101001010010101100001011110
111111000000100000011110101000101001100000011011
101100000010000001000001000001100011100110111100
 
111011001000000100101101001110001100011100001100
001100010000100101101001000001000001011010001101
 
001100010000100101101001000001000001011010001101
111100100011100000100010110100110000100100100001
111111000000100000011110101000101001100000011011
111000110010000011000011110100101001100100100010
001110000100110000010010100111100001000001100001
111011001000000100101101001110001100011100001100
111111000000100000011110101000101001100000011011
 
100101100101100101111101001111101101110010010010
111010000100101100001100001100000100001000101111
111000110010000011000011110100101001100100100010
111111000000100000011110101000101001100000011011
10000010000011000011000110001010100000000101111
111111000000100000011110101000101001100000011011
011110100001000010110101001010010101100001011110
011110100001000010110101001010010101100001011110
 
010000000010111101101111101101101001100000100000
001100010000100101101001000001000001011010001101
111011001000000100101101001110001100011100001100
001100010000100101101001000001000001011010001101
111000110010000011000011110100101001100100100010
011110100001000010110101001010010101100001011110
,
10000010000011000011000110001010100000000101111
001110000100110000010010100111100001000001100001
010000000010111101101111101101101001100000100000
111100100011100000100010110100110000100100100001
011110100001000010110101001010010101100001011110
 
001110000100110000010010100111100001000001100001
100001100001100001110100100001000011100011100101
101100000010000001000001000001100011100110111100
 
001100010000100101101001000001000001011010001101
111011001000000100101101001110001100011100001100
100101110001110001011101100000100000100001100001
111111000000100000011110101000101001100000011011
111000110010000011000011110100101001100100100010
 
101100000010000001000001000001100011100110111100
111111000000100000011110101000101001100000011011
10000011011110001011010000010000100011100001100
111010000100101100001100001100000100001000101111
000101011010101001101000100010100101010010001100
111111000000100000011110101000101001100000011011
011110100001000010110101001010010101100001011110
,
001110000100110000010010100111100001000001100001
100001100001100001110100100001000011100011100101
101100000010000001000001000001100011100110111100
 
111011001000000100101101001110001100011100001100
100101110001110001011101100000100000100001100001
111111000000100000011110101000101001100000011011
 
011110100001000010110101001010010101100001011110
111100100011100000100010110100110000100100100001
111010000100101100001100001100000100001000101111
111000110010000011000011110100101001100100100010
001110000100110000010010100111100001000001100001
10000010000011000011000110001010100000000101111
 
000101011010101001101000100010100101010010001100
001100010000100101101001000001000001011010001101
111010000100101100001100001100000100001000101111
10000010000011000011000110001010100000000101111
 
111010000100101100001100001100000100001000101111
100001100001100001110100100001000011100011100101
 
111011001000000100101101001110001100011100001100
100101110001110001011101100000100000100001100001
111111000000100000011110101000101001100000011011
 
101100000010100011111110101010100101100001111111
001110000100110000010010100111100001000001100001
000101011010101001101000100010100101010010001100
10011010000010100011100100000000100000011100001
000100011010110000100010100101100111010011001101
111000110010000011000011110100101001100100100010
001100010000100101101001000001000001011010001101
100001100101100101110001000101110001000011011101
100001100001100001110100100001000011100011100101
101100000010000001000001000001100011100110111100
 
011110100001000010110101001010010101100001011110
111111000000100000011110101000101001100000011011
111000110010000011000011110100101001100100100010
10000011011110001011010000010000100011100001100
111111000000100000011110101000101001100000011011
101100000010000001000001000001100011100110111100
 
111011001000000100101101001110001100011100001100
001100010000100101101001000001000001011010001101
 
011110100001000010110101001010010101100001011110
100101110001110001011101100000100000100001100001
001100010000100101101001000001000001011010001101
100101100101100101111101001111101101110010010010
 
111111000000100000011110101000101001100000011011
110001000011000100011110001101010010100001100001
111011001000000100101101001110001100011100001100
111000110010000011000011110100101001100100100010
001110000100110000010010100111100001000001100001
001100010000100101101001000001000001011010001101
111000110010000011000011110100101001100100100010
101100000010000001000001000001100011100110111100
111010000100101100001100001100000100001000101111
100001100001100001110100100001000011100011100101
001110000100110000010010100111100001000001100001
111000110010000011000011110100101001100100100010
100011100101010110101101001101001110001100001100
 
100101110001110001011101100000100000100001100001
111010000100101100001100001100000100001000101111
000100011010110000100010100101100111010011001101
100101110001110001011101100000100000100001100001
 
111100100011100000100010110100110000100100100001
001100010000100101101001000001000001011010001101
111011001000000100101101001110001100011100001100
111111000000100000011110101000101001100000011011
100001100001100001110100100001000011100011100101
111011001000000100101101001110001100011100001100
111010000100101100001100001100000100001000101111
001110000100110000010010100111100001000001100001
10000010000011000011000110001010100000000101111
 
111100100011100000100010110100110000100100100001
100101110001110001011101100000100000100001100001
111111000000100000011110101000101001100000011011
100001100001100001110100100001000011100011100101
001100010000100101101001000001000001011010001101
010000000010111101101111101101101001100000100000
111111000000100000011110101000101001100000011011
100001100001100001110100100001000011100011100101
001110000100110000010010100111100001000001100001


001110000100110000010010100111100001000001100001
011110100001000010110101001010010101100001011110
 
011110100001000010110101001010010101100001011110
111011001000000100101101001110001100011100001100
111000110010000011000011110100101001100100100010
111111000000100000011110101000101001100000011011
001110000100110000010010100111100001000001100001
010000000010111101101111101101101001100000100000
111111000000100000011110101000101001100000011011
111000110010000011000011110100101001100100100010
011110100001000010110101001010010101100001011110
 
001100010000100101101001000001000001011010001101
111101000010101000111000100010100010100000100000
 
000100011010110000100010100101100111010011001101
111000110010000011000011110100101001100100100010
111111000000100000011110101000101001100000011011
001110000100110000010010100111100001000001100001
111011001000000100101101001110001100011100001100
 
10000010000011000011000110001010100000000101111
111111000000100000011110101000101001100000011011
100001100001100001110100100001000011100011100101
000100011010110000100010100101100111010011001101
111011001000000100101101001110001100011100001100
100101110001110001011101100000100000100001100001
.